v -0.525731 0.850651 0.000000
v 0.525731 0.850651 0.000000
v -0.525731 -0.850651 0.000000
v 0.525731 -0.850651 0.000000
v 0.000000 -0.525731 0.850651
v 0.000000 0.525731 0.850651
v 0.000000 -0.525731 -0.850651
v 0.000000 0.525731 -0.850651
v 0.850651 0.000000 -0.525731
v 0.850651 0.000000 0.525731
v -0.850651 0.000000 -0.525731
v -0.850651 0.000000 0.525731
v -0.809017 0.500000 0.309017
v -0.500000 0.309017 0.809017
v -0.309017 0.809017 0.500000
v 0.309017 0.809017 0.500000
v 0.000000 1.000000 0.000000
v 0.309017 0.809017 -0.500000
v -0.309017 0.809017 -0.500000
v -0.500000 0.309017 -0.809017
v -0.809017 0.500000 -0.309017
v -1.000000 0.000000 0.000000
v 0.500000 0.309017 0.809017
v 0.809017 0.500000 0.309017
v -0.500000 -0.309017 0.809017
v 0.000000 0.000000 1.000000
v -0.809017 -0.500000 -0.309017
v -0.809017 -0.500000 0.309017
v 0.000000 0.000000 -1.000000
v -0.500000 -0.309017 -0.809017
v 0.809017 0.500000 -0.309017
v 0.500000 0.309017 -0.809017
v 0.809017 -0.500000 0.309017
v 0.500000 -0.309017 0.809017
v 0.309017 -0.809017 0.500000
v -0.309017 -0.809017 0.500000
v 0.000000 -1.000000 0.000000
v -0.309017 -0.809017 -0.500000
v 0.309017 -0.809017 -0.500000
v 0.500000 -0.309017 -0.809017
v 0.809017 -0.500000 -0.309017
v 1.000000 0.000000 0.000000
f 0 12 14
f 12 11 13
f 13 5 14
f 12 13 14
f 0 14 16
f 14 5 15
f 15 1 16
f 14 15 16
f 0 16 18
f 16 1 17
f 17 7 18
f 16 17 18
f 0 18 20
f 18 7 19
f 19 10 20
f 18 19 20
f 0 20 12
f 20 10 21
f 21 11 12
f 20 21 12
f 1 15 23
f 15 5 22
f 22 9 23
f 15 22 23
f 5 13 25
f 13 11 24
f 24 4 25
f 13 24 25
f 11 21 27
f 21 10 26
f 26 2 27
f 21 26 27
f 10 19 29
f 19 7 28
f 28 6 29
f 19 28 29
f 7 17 31
f 17 1 30
f 30 8 31
f 17 30 31
f 3 32 34
f 32 9 33
f 33 4 34
f 32 33 34
f 3 34 36
f 34 4 35
f 35 2 36
f 34 35 36
f 3 36 38
f 36 2 37
f 37 6 38
f 36 37 38
f 3 38 40
f 38 6 39
f 39 8 40
f 38 39 40
f 3 40 32
f 40 8 41
f 41 9 32
f 40 41 32
f 4 33 25
f 33 9 22
f 22 5 25
f 33 22 25
f 2 35 27
f 35 4 24
f 24 11 27
f 35 24 27
f 6 37 29
f 37 2 26
f 26 10 29
f 37 26 29
f 8 39 31
f 39 6 28
f 28 7 31
f 39 28 31
f 9 41 23
f 41 8 30
f 30 1 23
f 41 30 23
np 12 14 16 18 20
np 15 16 17 23 30
np 26 27 35 36 37
np 32 34 36 38 40
np 24 25 33 34 35
np 13 14 15 22 25
np 28 29 37 38 39
np 17 18 19 28 31
np 30 31 39 40 41
np 22 23 32 33 41
np 19 20 21 26 29
np 12 13 21 24 27
np 0 14 11 13 20 21
np 12 11 5 14 25 24
np 0 12 13 5 16 15
np 14 5 1 16 23 22
np 0 14 15 1 18 17
np 16 1 7 18 31 30
np 0 16 17 7 20 19
np 18 7 10 20 29 28
np 0 18 19 10 12 21
np 20 10 11 12 27 26
np 15 5 9 23 33 25
np 1 15 22 9 41 30
np 13 11 4 25 35 27
np 5 13 24 4 33 22
np 21 10 2 27 37 29
np 11 21 26 2 35 24
np 19 7 6 29 39 31
np 10 19 28 6 37 26
np 17 1 8 31 41 23
np 7 17 30 8 39 28
np 3 34 9 33 40 41
np 32 9 4 34 25 22
np 3 32 33 4 36 35
np 34 4 2 36 27 24
np 3 34 35 2 38 37
np 36 2 6 38 29 26
np 3 36 37 6 40 39
np 38 6 8 40 31 28
np 3 38 39 8 32 41
np 40 8 9 32 23 30
