v -0.525731 0.850651 0.000000
v 0.525731 0.850651 0.000000
v -0.525731 -0.850651 0.000000
v 0.525731 -0.850651 0.000000
v 0.000000 -0.525731 0.850651
v 0.000000 0.525731 0.850651
v 0.000000 -0.525731 -0.850651
v 0.000000 0.525731 -0.850651
v 0.850651 0.000000 -0.525731
v 0.850651 0.000000 0.525731
v -0.850651 0.000000 -0.525731
v -0.850651 0.000000 0.525731
v -0.809017 0.500000 0.309017
v -0.500000 0.309017 0.809017
v -0.309017 0.809017 0.500000
v 0.309017 0.809017 0.500000
v 0.000000 1.000000 0.000000
v 0.309017 0.809017 -0.500000
v -0.309017 0.809017 -0.500000
v -0.500000 0.309017 -0.809017
v -0.809017 0.500000 -0.309017
v -1.000000 0.000000 0.000000
v 0.500000 0.309017 0.809017
v 0.809017 0.500000 0.309017
v -0.500000 -0.309017 0.809017
v 0.000000 0.000000 1.000000
v -0.809017 -0.500000 -0.309017
v -0.809017 -0.500000 0.309017
v 0.000000 0.000000 -1.000000
v -0.500000 -0.309017 -0.809017
v 0.809017 0.500000 -0.309017
v 0.500000 0.309017 -0.809017
v 0.809017 -0.500000 0.309017
v 0.500000 -0.309017 0.809017
v 0.309017 -0.809017 0.500000
v -0.309017 -0.809017 0.500000
v 0.000000 -1.000000 0.000000
v -0.309017 -0.809017 -0.500000
v 0.309017 -0.809017 -0.500000
v 0.500000 -0.309017 -0.809017
v 0.809017 -0.500000 -0.309017
v 1.000000 0.000000 0.000000
v -0.693780 0.702046 0.160622
v -0.587785 0.688191 0.425325
v -0.433889 0.862668 0.259892
v -0.862668 0.259892 0.433889
v -0.702046 0.160622 0.693780
v -0.688191 0.425325 0.587785
v -0.259892 0.433889 0.862668
v -0.160622 0.693780 0.702046
v -0.425325 0.587785 0.688191
v -0.162460 0.951057 0.262866
v -0.273267 0.961938 0.000000
v 0.160622 0.693780 0.702046
v 0.000000 0.850651 0.525731
v 0.433889 0.862668 0.259892
v 0.273267 0.961938 0.000000
v 0.162460 0.951057 0.262866
v -0.162460 0.951057 -0.262866
v -0.433889 0.862668 -0.259892
v 0.433889 0.862668 -0.259892
v 0.162460 0.951057 -0.262866
v 0.160622 0.693780 -0.702046
v -0.160622 0.693780 -0.702046
v 0.000000 0.850651 -0.525731
v -0.587785 0.688191 -0.425325
v -0.693780 0.702046 -0.160622
v -0.259892 0.433889 -0.862668
v -0.425325 0.587785 -0.688191
v -0.702046 0.160622 -0.693780
v -0.862668 0.259892 -0.433889
v -0.688191 0.425325 -0.587785
v -0.850651 0.525731 0.000000
v -0.961938 0.000000 -0.273267
v -0.951057 0.262866 -0.162460
v -0.961938 0.000000 0.273267
v -0.951057 0.262866 0.162460
v 0.587785 0.688191 0.425325
v 0.693780 0.702046 0.160622
v 0.259892 0.433889 0.862668
v 0.425325 0.587785 0.688191
v 0.702046 0.160622 0.693780
v 0.862668 0.259892 0.433889
v 0.688191 0.425325 0.587785
v -0.262866 0.162460 0.951057
v 0.000000 0.273267 0.961938
v -0.702046 -0.160622 0.693780
v -0.525731 0.000000 0.850651
v -0.259892 -0.433889 0.862668
v 0.000000 -0.273267 0.961938
v -0.262866 -0.162460 0.951057
v -0.951057 -0.262866 0.162460
v -0.862668 -0.259892 0.433889
v -0.862668 -0.259892 -0.433889
v -0.951057 -0.262866 -0.162460
v -0.693780 -0.702046 -0.160622
v -0.693780 -0.702046 0.160622
v -0.850651 -0.525731 0.000000
v -0.525731 0.000000 -0.850651
v -0.702046 -0.160622 -0.693780
v 0.000000 0.273267 -0.961938
v -0.262866 0.162460 -0.951057
v 0.000000 -0.273267 -0.961938
v -0.259892 -0.433889 -0.862668
v -0.262866 -0.162460 -0.951057
v 0.425325 0.587785 -0.688191
v 0.259892 0.433889 -0.862668
v 0.693780 0.702046 -0.160622
v 0.587785 0.688191 -0.425325
v 0.862668 0.259892 -0.433889
v 0.702046 0.160622 -0.693780
v 0.688191 0.425325 -0.587785
v 0.693780 -0.702046 0.160622
v 0.587785 -0.688191 0.425325
v 0.433889 -0.862668 0.259892
v 0.862668 -0.259892 0.433889
v 0.702046 -0.160622 0.693780
v 0.688191 -0.425325 0.587785
v 0.259892 -0.433889 0.862668
v 0.160622 -0.693780 0.702046
v 0.425325 -0.587785 0.688191
v 0.162460 -0.951057 0.262866
v 0.273267 -0.961938 0.000000
v -0.160622 -0.693780 0.702046
v 0.000000 -0.850651 0.525731
v -0.433889 -0.862668 0.259892
v -0.273267 -0.961938 0.000000
v -0.162460 -0.951057 0.262866
v 0.162460 -0.951057 -0.262866
v 0.433889 -0.862668 -0.259892
v -0.433889 -0.862668 -0.259892
v -0.162460 -0.951057 -0.262866
v -0.160622 -0.693780 -0.702046
v 0.160622 -0.693780 -0.702046
v 0.000000 -0.850651 -0.525731
v 0.587785 -0.688191 -0.425325
v 0.693780 -0.702046 -0.160622
v 0.259892 -0.433889 -0.862668
v 0.425325 -0.587785 -0.688191
v 0.702046 -0.160622 -0.693780
v 0.862668 -0.259892 -0.433889
v 0.688191 -0.425325 -0.587785
v 0.850651 -0.525731 0.000000
v 0.961938 0.000000 -0.273267
v 0.951057 -0.262866 -0.162460
v 0.961938 0.000000 0.273267
v 0.951057 -0.262866 0.162460
v 0.262866 -0.162460 0.951057
v 0.525731 0.000000 0.850651
v 0.262866 0.162460 0.951057
v -0.587785 -0.688191 0.425325
v -0.425325 -0.587785 0.688191
v -0.688191 -0.425325 0.587785
v -0.425325 -0.587785 -0.688191
v -0.587785 -0.688191 -0.425325
v -0.688191 -0.425325 -0.587785
v 0.525731 0.000000 -0.850651
v 0.262866 -0.162460 -0.951057
v 0.262866 0.162460 -0.951057
v 0.951057 0.262866 0.162460
v 0.951057 0.262866 -0.162460
v 0.850651 0.525731 0.000000
f 0 42 44
f 42 12 43
f 43 14 44
f 42 43 44
f 12 45 47
f 45 11 46
f 46 13 47
f 45 46 47
f 13 48 50
f 48 5 49
f 49 14 50
f 48 49 50
f 12 47 43
f 47 13 50
f 50 14 43
f 47 50 43
f 0 44 52
f 44 14 51
f 51 16 52
f 44 51 52
f 14 49 54
f 49 5 53
f 53 15 54
f 49 53 54
f 15 55 57
f 55 1 56
f 56 16 57
f 55 56 57
f 14 54 51
f 54 15 57
f 57 16 51
f 54 57 51
f 0 52 59
f 52 16 58
f 58 18 59
f 52 58 59
f 16 56 61
f 56 1 60
f 60 17 61
f 56 60 61
f 17 62 64
f 62 7 63
f 63 18 64
f 62 63 64
f 16 61 58
f 61 17 64
f 64 18 58
f 61 64 58
f 0 59 66
f 59 18 65
f 65 20 66
f 59 65 66
f 18 63 68
f 63 7 67
f 67 19 68
f 63 67 68
f 19 69 71
f 69 10 70
f 70 20 71
f 69 70 71
f 18 68 65
f 68 19 71
f 71 20 65
f 68 71 65
f 0 66 42
f 66 20 72
f 72 12 42
f 66 72 42
f 20 70 74
f 70 10 73
f 73 21 74
f 70 73 74
f 21 75 76
f 75 11 45
f 45 12 76
f 75 45 76
f 20 74 72
f 74 21 76
f 76 12 72
f 74 76 72
f 1 55 78
f 55 15 77
f 77 23 78
f 55 77 78
f 15 53 80
f 53 5 79
f 79 22 80
f 53 79 80
f 22 81 83
f 81 9 82
f 82 23 83
f 81 82 83
f 15 80 77
f 80 22 83
f 83 23 77
f 80 83 77
f 5 48 85
f 48 13 84
f 84 25 85
f 48 84 85
f 13 46 87
f 46 11 86
f 86 24 87
f 46 86 87
f 24 88 90
f 88 4 89
f 89 25 90
f 88 89 90
f 13 87 84
f 87 24 90
f 90 25 84
f 87 90 84
f 11 75 92
f 75 21 91
f 91 27 92
f 75 91 92
f 21 73 94
f 73 10 93
f 93 26 94
f 73 93 94
f 26 95 97
f 95 2 96
f 96 27 97
f 95 96 97
f 21 94 91
f 94 26 97
f 97 27 91
f 94 97 91
f 10 69 99
f 69 19 98
f 98 29 99
f 69 98 99
f 19 67 101
f 67 7 100
f 100 28 101
f 67 100 101
f 28 102 104
f 102 6 103
f 103 29 104
f 102 103 104
f 19 101 98
f 101 28 104
f 104 29 98
f 101 104 98
f 7 62 106
f 62 17 105
f 105 31 106
f 62 105 106
f 17 60 108
f 60 1 107
f 107 30 108
f 60 107 108
f 30 109 111
f 109 8 110
f 110 31 111
f 109 110 111
f 17 108 105
f 108 30 111
f 111 31 105
f 108 111 105
f 3 112 114
f 112 32 113
f 113 34 114
f 112 113 114
f 32 115 117
f 115 9 116
f 116 33 117
f 115 116 117
f 33 118 120
f 118 4 119
f 119 34 120
f 118 119 120
f 32 117 113
f 117 33 120
f 120 34 113
f 117 120 113
f 3 114 122
f 114 34 121
f 121 36 122
f 114 121 122
f 34 119 124
f 119 4 123
f 123 35 124
f 119 123 124
f 35 125 127
f 125 2 126
f 126 36 127
f 125 126 127
f 34 124 121
f 124 35 127
f 127 36 121
f 124 127 121
f 3 122 129
f 122 36 128
f 128 38 129
f 122 128 129
f 36 126 131
f 126 2 130
f 130 37 131
f 126 130 131
f 37 132 134
f 132 6 133
f 133 38 134
f 132 133 134
f 36 131 128
f 131 37 134
f 134 38 128
f 131 134 128
f 3 129 136
f 129 38 135
f 135 40 136
f 129 135 136
f 38 133 138
f 133 6 137
f 137 39 138
f 133 137 138
f 39 139 141
f 139 8 140
f 140 40 141
f 139 140 141
f 38 138 135
f 138 39 141
f 141 40 135
f 138 141 135
f 3 136 112
f 136 40 142
f 142 32 112
f 136 142 112
f 40 140 144
f 140 8 143
f 143 41 144
f 140 143 144
f 41 145 146
f 145 9 115
f 115 32 146
f 145 115 146
f 40 144 142
f 144 41 146
f 146 32 142
f 144 146 142
f 4 118 89
f 118 33 147
f 147 25 89
f 118 147 89
f 33 116 148
f 116 9 81
f 81 22 148
f 116 81 148
f 22 79 149
f 79 5 85
f 85 25 149
f 79 85 149
f 33 148 147
f 148 22 149
f 149 25 147
f 148 149 147
f 2 125 96
f 125 35 150
f 150 27 96
f 125 150 96
f 35 123 151
f 123 4 88
f 88 24 151
f 123 88 151
f 24 86 152
f 86 11 92
f 92 27 152
f 86 92 152
f 35 151 150
f 151 24 152
f 152 27 150
f 151 152 150
f 6 132 103
f 132 37 153
f 153 29 103
f 132 153 103
f 37 130 154
f 130 2 95
f 95 26 154
f 130 95 154
f 26 93 155
f 93 10 99
f 99 29 155
f 93 99 155
f 37 154 153
f 154 26 155
f 155 29 153
f 154 155 153
f 8 139 110
f 139 39 156
f 156 31 110
f 139 156 110
f 39 137 157
f 137 6 102
f 102 28 157
f 137 102 157
f 28 100 158
f 100 7 106
f 106 31 158
f 100 106 158
f 39 157 156
f 157 28 158
f 158 31 156
f 157 158 156
f 9 145 82
f 145 41 159
f 159 23 82
f 145 159 82
f 41 143 160
f 143 8 109
f 109 30 160
f 143 109 160
f 30 107 161
f 107 1 78
f 78 23 161
f 107 78 161
f 41 160 159
f 160 30 161
f 161 23 159
f 160 161 159
np 42 44 52 59 66
np 55 56 60 78 107
np 95 96 125 126 130
np 112 114 122 129 136
np 88 89 118 119 123
np 48 49 53 79 85
np 102 103 132 133 137
np 62 63 67 100 106
np 109 110 139 140 143
np 81 82 115 116 145
np 69 70 73 93 99
np 45 46 75 86 92
np 42 43 45 47 72 76
np 46 47 48 50 84 87
np 43 44 49 50 51 54
np 53 54 55 57 77 80
np 51 52 56 57 58 61
np 60 61 62 64 105 108
np 58 59 63 64 65 68
np 67 68 69 71 98 101
np 65 66 70 71 72 74
np 73 74 75 76 91 94
np 79 80 81 83 148 149
np 77 78 82 83 159 161
np 86 87 88 90 151 152
np 84 85 89 90 147 149
np 93 94 95 97 154 155
np 91 92 96 97 150 152
np 100 101 102 104 157 158
np 98 99 103 104 153 155
np 107 108 109 111 160 161
np 105 106 110 111 156 158
np 112 113 115 117 142 146
np 116 117 118 120 147 148
np 113 114 119 120 121 124
np 123 124 125 127 150 151
np 121 122 126 127 128 131
np 130 131 132 134 153 154
np 128 129 133 134 135 138
np 137 138 139 141 156 157
np 135 136 140 141 142 144
np 143 144 145 146 159 160
np 0 44 12 43 66 72
np 42 12 14 44 47 50
np 0 42 43 14 52 51
np 12 47 11 46 75 76
np 45 11 13 47 87 86
np 12 45 46 13 43 50
np 13 50 5 49 85 84
np 48 5 14 50 54 53
np 13 48 49 14 47 43
np 44 14 16 52 54 57
np 0 44 51 16 59 58
np 49 5 15 54 80 79
np 14 49 53 15 51 57
np 15 57 1 56 78 77
np 55 1 16 57 61 60
np 15 55 56 16 54 51
np 52 16 18 59 61 64
np 0 52 58 18 66 65
np 56 1 17 61 108 107
np 16 56 60 17 58 64
np 17 64 7 63 106 105
np 62 7 18 64 68 67
np 17 62 63 18 61 58
np 59 18 20 66 68 71
np 0 59 65 20 42 72
np 63 7 19 68 101 100
np 18 63 67 19 65 71
np 19 71 10 70 99 98
np 69 10 20 71 74 73
np 19 69 70 20 68 65
np 66 20 12 42 74 76
np 70 10 21 74 94 93
np 20 70 73 21 72 76
np 21 76 11 45 92 91
np 21 75 45 12 74 72
np 55 15 23 78 80 83
np 1 55 77 23 107 161
np 53 5 22 80 149 85
np 15 53 79 22 77 83
np 22 83 9 82 116 148
np 81 9 23 83 145 159
np 22 81 82 23 80 77
np 48 13 25 85 87 90
np 5 48 84 25 79 149
np 46 11 24 87 152 92
np 13 46 86 24 84 90
np 24 90 4 89 123 151
np 88 4 25 90 118 147
np 24 88 89 25 87 84
np 75 21 27 92 94 97
np 11 75 91 27 86 152
np 73 10 26 94 155 99
np 21 73 93 26 91 97
np 26 97 2 96 130 154
np 95 2 27 97 125 150
np 26 95 96 27 94 91
np 69 19 29 99 101 104
np 10 69 98 29 93 155
np 67 7 28 101 158 106
np 19 67 100 28 98 104
np 28 104 6 103 137 157
np 102 6 29 104 132 153
np 28 102 103 29 101 98
np 62 17 31 106 108 111
np 7 62 105 31 100 158
np 60 1 30 108 161 78
np 17 60 107 30 105 111
np 30 111 8 110 143 160
np 109 8 31 111 139 156
np 30 109 110 31 108 105
np 3 114 32 113 136 142
np 112 32 34 114 117 120
np 3 112 113 34 122 121
np 32 117 9 116 145 146
np 115 9 33 117 148 81
np 32 115 116 33 113 120
np 33 120 4 119 89 147
np 118 4 34 120 124 123
np 33 118 119 34 117 113
np 114 34 36 122 124 127
np 3 114 121 36 129 128
np 119 4 35 124 151 88
np 34 119 123 35 121 127
np 35 127 2 126 96 150
np 125 2 36 127 131 130
np 35 125 126 36 124 121
np 122 36 38 129 131 134
np 3 122 128 38 136 135
np 126 2 37 131 154 95
np 36 126 130 37 128 134
np 37 134 6 133 103 153
np 132 6 38 134 138 137
np 37 132 133 38 131 128
np 129 38 40 136 138 141
np 3 129 135 40 112 142
np 133 6 39 138 157 102
np 38 133 137 39 135 141
np 39 141 8 140 110 156
np 139 8 40 141 144 143
np 39 139 140 40 138 135
np 136 40 32 112 144 146
np 140 8 41 144 160 109
np 40 140 143 41 142 146
np 41 146 9 115 82 159
np 41 145 115 32 144 142
np 118 33 25 89 148 149
np 33 116 81 22 147 149
np 22 79 85 25 148 147
np 125 35 27 96 151 152
np 35 123 88 24 150 152
np 24 86 92 27 151 150
np 132 37 29 103 154 155
np 37 130 95 26 153 155
np 26 93 99 29 154 153
np 139 39 31 110 157 158
np 39 137 102 28 156 158
np 28 100 106 31 157 156
np 145 41 23 82 160 161
np 41 143 109 30 159 161
np 30 107 78 23 160 159
