v -0.525731 0.850651 0.000000
v 0.525731 0.850651 0.000000
v -0.525731 -0.850651 0.000000
v 0.525731 -0.850651 0.000000
v 0.000000 -0.525731 0.850651
v 0.000000 0.525731 0.850651
v 0.000000 -0.525731 -0.850651
v 0.000000 0.525731 -0.850651
v 0.850651 0.000000 -0.525731
v 0.850651 0.000000 0.525731
v -0.850651 0.000000 -0.525731
v -0.850651 0.000000 0.525731
v -0.809017 0.500000 0.309017
v -0.500000 0.309017 0.809017
v -0.309017 0.809017 0.500000
v 0.309017 0.809017 0.500000
v 0.000000 1.000000 0.000000
v 0.309017 0.809017 -0.500000
v -0.309017 0.809017 -0.500000
v -0.500000 0.309017 -0.809017
v -0.809017 0.500000 -0.309017
v -1.000000 0.000000 0.000000
v 0.500000 0.309017 0.809017
v 0.809017 0.500000 0.309017
v -0.500000 -0.309017 0.809017
v 0.000000 0.000000 1.000000
v -0.809017 -0.500000 -0.309017
v -0.809017 -0.500000 0.309017
v 0.000000 0.000000 -1.000000
v -0.500000 -0.309017 -0.809017
v 0.809017 0.500000 -0.309017
v 0.500000 0.309017 -0.809017
v 0.809017 -0.500000 0.309017
v 0.500000 -0.309017 0.809017
v 0.309017 -0.809017 0.500000
v -0.309017 -0.809017 0.500000
v 0.000000 -1.000000 0.000000
v -0.309017 -0.809017 -0.500000
v 0.309017 -0.809017 -0.500000
v 0.500000 -0.309017 -0.809017
v 0.809017 -0.500000 -0.309017
v 1.000000 0.000000 0.000000
v -0.693780 0.702046 0.160622
v -0.587785 0.688191 0.425325
v -0.433889 0.862668 0.259892
v -0.862668 0.259892 0.433889
v -0.702046 0.160622 0.693780
v -0.688191 0.425325 0.587785
v -0.259892 0.433889 0.862668
v -0.160622 0.693780 0.702046
v -0.425325 0.587785 0.688191
v -0.162460 0.951057 0.262866
v -0.273267 0.961938 0.000000
v 0.160622 0.693780 0.702046
v 0.000000 0.850651 0.525731
v 0.433889 0.862668 0.259892
v 0.273267 0.961938 0.000000
v 0.162460 0.951057 0.262866
v -0.162460 0.951057 -0.262866
v -0.433889 0.862668 -0.259892
v 0.433889 0.862668 -0.259892
v 0.162460 0.951057 -0.262866
v 0.160622 0.693780 -0.702046
v -0.160622 0.693780 -0.702046
v 0.000000 0.850651 -0.525731
v -0.587785 0.688191 -0.425325
v -0.693780 0.702046 -0.160622
v -0.259892 0.433889 -0.862668
v -0.425325 0.587785 -0.688191
v -0.702046 0.160622 -0.693780
v -0.862668 0.259892 -0.433889
v -0.688191 0.425325 -0.587785
v -0.850651 0.525731 0.000000
v -0.961938 0.000000 -0.273267
v -0.951057 0.262866 -0.162460
v -0.961938 0.000000 0.273267
v -0.951057 0.262866 0.162460
v 0.587785 0.688191 0.425325
v 0.693780 0.702046 0.160622
v 0.259892 0.433889 0.862668
v 0.425325 0.587785 0.688191
v 0.702046 0.160622 0.693780
v 0.862668 0.259892 0.433889
v 0.688191 0.425325 0.587785
v -0.262866 0.162460 0.951057
v 0.000000 0.273267 0.961938
v -0.702046 -0.160622 0.693780
v -0.525731 0.000000 0.850651
v -0.259892 -0.433889 0.862668
v 0.000000 -0.273267 0.961938
v -0.262866 -0.162460 0.951057
v -0.951057 -0.262866 0.162460
v -0.862668 -0.259892 0.433889
v -0.862668 -0.259892 -0.433889
v -0.951057 -0.262866 -0.162460
v -0.693780 -0.702046 -0.160622
v -0.693780 -0.702046 0.160622
v -0.850651 -0.525731 0.000000
v -0.525731 0.000000 -0.850651
v -0.702046 -0.160622 -0.693780
v 0.000000 0.273267 -0.961938
v -0.262866 0.162460 -0.951057
v 0.000000 -0.273267 -0.961938
v -0.259892 -0.433889 -0.862668
v -0.262866 -0.162460 -0.951057
v 0.425325 0.587785 -0.688191
v 0.259892 0.433889 -0.862668
v 0.693780 0.702046 -0.160622
v 0.587785 0.688191 -0.425325
v 0.862668 0.259892 -0.433889
v 0.702046 0.160622 -0.693780
v 0.688191 0.425325 -0.587785
v 0.693780 -0.702046 0.160622
v 0.587785 -0.688191 0.425325
v 0.433889 -0.862668 0.259892
v 0.862668 -0.259892 0.433889
v 0.702046 -0.160622 0.693780
v 0.688191 -0.425325 0.587785
v 0.259892 -0.433889 0.862668
v 0.160622 -0.693780 0.702046
v 0.425325 -0.587785 0.688191
v 0.162460 -0.951057 0.262866
v 0.273267 -0.961938 0.000000
v -0.160622 -0.693780 0.702046
v 0.000000 -0.850651 0.525731
v -0.433889 -0.862668 0.259892
v -0.273267 -0.961938 0.000000
v -0.162460 -0.951057 0.262866
v 0.162460 -0.951057 -0.262866
v 0.433889 -0.862668 -0.259892
v -0.433889 -0.862668 -0.259892
v -0.162460 -0.951057 -0.262866
v -0.160622 -0.693780 -0.702046
v 0.160622 -0.693780 -0.702046
v 0.000000 -0.850651 -0.525731
v 0.587785 -0.688191 -0.425325
v 0.693780 -0.702046 -0.160622
v 0.259892 -0.433889 -0.862668
v 0.425325 -0.587785 -0.688191
v 0.702046 -0.160622 -0.693780
v 0.862668 -0.259892 -0.433889
v 0.688191 -0.425325 -0.587785
v 0.850651 -0.525731 0.000000
v 0.961938 0.000000 -0.273267
v 0.951057 -0.262866 -0.162460
v 0.961938 0.000000 0.273267
v 0.951057 -0.262866 0.162460
v 0.262866 -0.162460 0.951057
v 0.525731 0.000000 0.850651
v 0.262866 0.162460 0.951057
v -0.587785 -0.688191 0.425325
v -0.425325 -0.587785 0.688191
v -0.688191 -0.425325 0.587785
v -0.425325 -0.587785 -0.688191
v -0.587785 -0.688191 -0.425325
v -0.688191 -0.425325 -0.587785
v 0.525731 0.000000 -0.850651
v 0.262866 -0.162460 -0.951057
v 0.262866 0.162460 -0.951057
v 0.951057 0.262866 0.162460
v 0.951057 0.262866 -0.162460
v 0.850651 0.525731 0.000000
v -0.615642 0.783843 0.081086
v -0.571252 0.792649 0.213023
v -0.484442 0.864929 0.131200
v -0.758652 0.606825 0.237086
v -0.707107 0.601501 0.371748
v -0.647412 0.702310 0.296005
v -0.453990 0.757935 0.468430
v -0.375039 0.843911 0.383614
v -0.516122 0.783452 0.346153
v -0.843911 0.383614 0.375039
v -0.783452 0.346153 0.516122
v -0.757935 0.468430 0.453990
v -0.864929 0.131200 0.484442
v -0.783843 0.081086 0.615642
v -0.792649 0.213023 0.571252
v -0.606825 0.237086 0.758652
v -0.601501 0.371748 0.707107
v -0.702310 0.296005 0.647412
v -0.383614 0.375039 0.843911
v -0.346153 0.516122 0.783452
v -0.468430 0.453990 0.757935
v -0.131200 0.484442 0.864929
v -0.081086 0.615642 0.783843
v -0.213023 0.571252 0.792649
v -0.237086 0.758652 0.606825
v -0.371748 0.707107 0.601501
v -0.296005 0.647412 0.702310
v -0.646578 0.564254 0.513375
v -0.564254 0.513375 0.646578
v -0.513375 0.646578 0.564254
v -0.358229 0.924305 0.131655
v -0.403355 0.915043 0.000000
v -0.238677 0.891007 0.386187
v -0.301259 0.916244 0.264083
v -0.082242 0.987688 0.133071
v -0.137952 0.990439 0.000000
v -0.220117 0.966393 0.132792
v -0.081142 0.780204 0.620240
v -0.156434 0.840178 0.519258
v 0.081086 0.615642 0.783843
v 0.000000 0.702907 0.711282
v 0.237086 0.758652 0.606825
v 0.156434 0.840178 0.519258
v 0.081142 0.780204 0.620240
v 0.375039 0.843911 0.383614
v 0.301259 0.916244 0.264083
v 0.238677 0.891007 0.386187
v 0.484442 0.864929 0.131200
v 0.403355 0.915043 0.000000
v 0.358229 0.924305 0.131655
v 0.137952 0.990439 0.000000
v 0.082242 0.987688 0.133071
v 0.220117 0.966393 0.132792
v -0.082324 0.912982 0.399607
v 0.082324 0.912982 0.399607
v 0.000000 0.963861 0.266405
v -0.358229 0.924305 -0.131655
v -0.484442 0.864929 -0.131200
v -0.082242 0.987688 -0.133071
v -0.220117 0.966393 -0.132792
v -0.238677 0.891007 -0.386187
v -0.375039 0.843911 -0.383614
v -0.301259 0.916244 -0.264083
v 0.220117 0.966393 -0.132792
v 0.082242 0.987688 -0.133071
v 0.484442 0.864929 -0.131200
v 0.358229 0.924305 -0.131655
v 0.375039 0.843911 -0.383614
v 0.238677 0.891007 -0.386187
v 0.301259 0.916244 -0.264083
v 0.237086 0.758652 -0.606825
v 0.081142 0.780204 -0.620240
v 0.156434 0.840178 -0.519258
v 0.081086 0.615642 -0.783843
v -0.081086 0.615642 -0.783843
v 0.000000 0.702907 -0.711282
v -0.237086 0.758652 -0.606825
v -0.156434 0.840178 -0.519258
v -0.081142 0.780204 -0.620240
v 0.000000 0.963861 -0.266405
v 0.082324 0.912982 -0.399607
v -0.082324 0.912982 -0.399607
v -0.571252 0.792649 -0.213023
v -0.615642 0.783843 -0.081086
v -0.453990 0.757935 -0.468430
v -0.516122 0.783452 -0.346153
v -0.707107 0.601501 -0.371748
v -0.758652 0.606825 -0.237086
v -0.647412 0.702310 -0.296005
v -0.296005 0.647412 -0.702310
v -0.371748 0.707107 -0.601501
v -0.131200 0.484442 -0.864929
v -0.213023 0.571252 -0.792649
v -0.383614 0.375039 -0.843911
v -0.468430 0.453990 -0.757935
v -0.346153 0.516122 -0.783452
v -0.606825 0.237086 -0.758652
v -0.702310 0.296005 -0.647412
v -0.601501 0.371748 -0.707107
v -0.783843 0.081086 -0.615642
v -0.864929 0.131200 -0.484442
v -0.792649 0.213023 -0.571252
v -0.843911 0.383614 -0.375039
v -0.757935 0.468430 -0.453990
v -0.783452 0.346153 -0.516122
v -0.513375 0.646578 -0.564254
v -0.564254 0.513375 -0.646578
v -0.646578 0.564254 -0.513375
v -0.702907 0.711282 0.000000
v -0.840178 0.519258 -0.156434
v -0.780204 0.620240 -0.081142
v -0.840178 0.519258 0.156434
v -0.780204 0.620240 0.081142
v -0.916244 0.264083 -0.301259
v -0.891007 0.386187 -0.238677
v -0.915043 0.000000 -0.403355
v -0.924305 0.131655 -0.358229
v -0.990439 0.000000 -0.137952
v -0.987688 0.133071 -0.082242
v -0.966393 0.132792 -0.220117
v -0.990439 0.000000 0.137952
v -0.966393 0.132792 0.220117
v -0.987688 0.133071 0.082242
v -0.915043 0.000000 0.403355
v -0.924305 0.131655 0.358229
v -0.891007 0.386187 0.238677
v -0.916244 0.264083 0.301259
v -0.912982 0.399607 -0.082324
v -0.963861 0.266405 0.000000
v -0.912982 0.399607 0.082324
v 0.571252 0.792649 0.213023
v 0.615642 0.783843 0.081086
v 0.453990 0.757935 0.468430
v 0.516122 0.783452 0.346153
v 0.707107 0.601501 0.371748
v 0.758652 0.606825 0.237086
v 0.647412 0.702310 0.296005
v 0.296005 0.647412 0.702310
v 0.371748 0.707107 0.601501
v 0.131200 0.484442 0.864929
v 0.213023 0.571252 0.792649
v 0.383614 0.375039 0.843911
v 0.468430 0.453990 0.757935
v 0.346153 0.516122 0.783452
v 0.606825 0.237086 0.758652
v 0.702310 0.296005 0.647412
v 0.601501 0.371748 0.707107
v 0.783843 0.081086 0.615642
v 0.864929 0.131200 0.484442
v 0.792649 0.213023 0.571252
v 0.843911 0.383614 0.375039
v 0.757935 0.468430 0.453990
v 0.783452 0.346153 0.516122
v 0.513375 0.646578 0.564254
v 0.564254 0.513375 0.646578
v 0.646578 0.564254 0.513375
v -0.131655 0.358229 0.924305
v 0.000000 0.403355 0.915043
v -0.386187 0.238677 0.891007
v -0.264083 0.301259 0.916244
v -0.133071 0.082242 0.987688
v 0.000000 0.137952 0.990439
v -0.132792 0.220117 0.966393
v -0.620240 0.081142 0.780204
v -0.519258 0.156434 0.840178
v -0.783843 -0.081086 0.615642
v -0.711282 0.000000 0.702907
v -0.606825 -0.237086 0.758652
v -0.519258 -0.156434 0.840178
v -0.620240 -0.081142 0.780204
v -0.383614 -0.375039 0.843911
v -0.264083 -0.301259 0.916244
v -0.386187 -0.238677 0.891007
v -0.131200 -0.484442 0.864929
v 0.000000 -0.403355 0.915043
v -0.131655 -0.358229 0.924305
v 0.000000 -0.137952 0.990439
v -0.133071 -0.082242 0.987688
v -0.132792 -0.220117 0.966393
v -0.399607 0.082324 0.912982
v -0.399607 -0.082324 0.912982
v -0.266405 0.000000 0.963861
v -0.924305 -0.131655 0.358229
v -0.864929 -0.131200 0.484442
v -0.987688 -0.133071 0.082242
v -0.966393 -0.132792 0.220117
v -0.891007 -0.386187 0.238677
v -0.843911 -0.383614 0.375039
v -0.916244 -0.264083 0.301259
v -0.966393 -0.132792 -0.220117
v -0.987688 -0.133071 -0.082242
v -0.864929 -0.131200 -0.484442
v -0.924305 -0.131655 -0.358229
v -0.843911 -0.383614 -0.375039
v -0.891007 -0.386187 -0.238677
v -0.916244 -0.264083 -0.301259
v -0.758652 -0.606825 -0.237086
v -0.780204 -0.620240 -0.081142
v -0.840178 -0.519258 -0.156434
v -0.615642 -0.783843 -0.081086
v -0.615642 -0.783843 0.081086
v -0.702907 -0.711282 0.000000
v -0.758652 -0.606825 0.237086
v -0.840178 -0.519258 0.156434
v -0.780204 -0.620240 0.081142
v -0.963861 -0.266405 0.000000
v -0.912982 -0.399607 -0.082324
v -0.912982 -0.399607 0.082324
v -0.711282 0.000000 -0.702907
v -0.783843 -0.081086 -0.615642
v -0.519258 0.156434 -0.840178
v -0.620240 0.081142 -0.780204
v -0.519258 -0.156434 -0.840178
v -0.606825 -0.237086 -0.758652
v -0.620240 -0.081142 -0.780204
v -0.264083 0.301259 -0.916244
v -0.386187 0.238677 -0.891007
v 0.000000 0.403355 -0.915043
v -0.131655 0.358229 -0.924305
v 0.000000 0.137952 -0.990439
v -0.133071 0.082242 -0.987688
v -0.132792 0.220117 -0.966393
v 0.000000 -0.137952 -0.990439
v -0.132792 -0.220117 -0.966393
v -0.133071 -0.082242 -0.987688
v 0.000000 -0.403355 -0.915043
v -0.131200 -0.484442 -0.864929
v -0.131655 -0.358229 -0.924305
v -0.383614 -0.375039 -0.843911
v -0.386187 -0.238677 -0.891007
v -0.264083 -0.301259 -0.916244
v -0.399607 0.082324 -0.912982
v -0.266405 0.000000 -0.963861
v -0.399607 -0.082324 -0.912982
v 0.213023 0.571252 -0.792649
v 0.131200 0.484442 -0.864929
v 0.371748 0.707107 -0.601501
v 0.296005 0.647412 -0.702310
v 0.468430 0.453990 -0.757935
v 0.383614 0.375039 -0.843911
v 0.346153 0.516122 -0.783452
v 0.516122 0.783452 -0.346153
v 0.453990 0.757935 -0.468430
v 0.615642 0.783843 -0.081086
v 0.571252 0.792649 -0.213023
v 0.758652 0.606825 -0.237086
v 0.707107 0.601501 -0.371748
v 0.647412 0.702310 -0.296005
v 0.843911 0.383614 -0.375039
v 0.783452 0.346153 -0.516122
v 0.757935 0.468430 -0.453990
v 0.864929 0.131200 -0.484442
v 0.783843 0.081086 -0.615642
v 0.792649 0.213023 -0.571252
v 0.606825 0.237086 -0.758652
v 0.601501 0.371748 -0.707107
v 0.702310 0.296005 -0.647412
v 0.513375 0.646578 -0.564254
v 0.646578 0.564254 -0.513375
v 0.564254 0.513375 -0.646578
v 0.615642 -0.783843 0.081086
v 0.571252 -0.792649 0.213023
v 0.484442 -0.864929 0.131200
v 0.758652 -0.606825 0.237086
v 0.707107 -0.601501 0.371748
v 0.647412 -0.702310 0.296005
v 0.453990 -0.757935 0.468430
v 0.375039 -0.843911 0.383614
v 0.516122 -0.783452 0.346153
v 0.843911 -0.383614 0.375039
v 0.783452 -0.346153 0.516122
v 0.757935 -0.468430 0.453990
v 0.864929 -0.131200 0.484442
v 0.783843 -0.081086 0.615642
v 0.792649 -0.213023 0.571252
v 0.606825 -0.237086 0.758652
v 0.601501 -0.371748 0.707107
v 0.702310 -0.296005 0.647412
v 0.383614 -0.375039 0.843911
v 0.346153 -0.516122 0.783452
v 0.468430 -0.453990 0.757935
v 0.131200 -0.484442 0.864929
v 0.081086 -0.615642 0.783843
v 0.213023 -0.571252 0.792649
v 0.237086 -0.758652 0.606825
v 0.371748 -0.707107 0.601501
v 0.296005 -0.647412 0.702310
v 0.646578 -0.564254 0.513375
v 0.564254 -0.513375 0.646578
v 0.513375 -0.646578 0.564254
v 0.358229 -0.924305 0.131655
v 0.403355 -0.915043 0.000000
v 0.238677 -0.891007 0.386187
v 0.301259 -0.916244 0.264083
v 0.082242 -0.987688 0.133071
v 0.137952 -0.990439 0.000000
v 0.220117 -0.966393 0.132792
v 0.081142 -0.780204 0.620240
v 0.156434 -0.840178 0.519258
v -0.081086 -0.615642 0.783843
v 0.000000 -0.702907 0.711282
v -0.237086 -0.758652 0.606825
v -0.156434 -0.840178 0.519258
v -0.081142 -0.780204 0.620240
v -0.375039 -0.843911 0.383614
v -0.301259 -0.916244 0.264083
v -0.238677 -0.891007 0.386187
v -0.484442 -0.864929 0.131200
v -0.403355 -0.915043 0.000000
v -0.358229 -0.924305 0.131655
v -0.137952 -0.990439 0.000000
v -0.082242 -0.987688 0.133071
v -0.220117 -0.966393 0.132792
v 0.082324 -0.912982 0.399607
v -0.082324 -0.912982 0.399607
v 0.000000 -0.963861 0.266405
v 0.358229 -0.924305 -0.131655
v 0.484442 -0.864929 -0.131200
v 0.082242 -0.987688 -0.133071
v 0.220117 -0.966393 -0.132792
v 0.238677 -0.891007 -0.386187
v 0.375039 -0.843911 -0.383614
v 0.301259 -0.916244 -0.264083
v -0.220117 -0.966393 -0.132792
v -0.082242 -0.987688 -0.133071
v -0.484442 -0.864929 -0.131200
v -0.358229 -0.924305 -0.131655
v -0.375039 -0.843911 -0.383614
v -0.238677 -0.891007 -0.386187
v -0.301259 -0.916244 -0.264083
v -0.237086 -0.758652 -0.606825
v -0.081142 -0.780204 -0.620240
v -0.156434 -0.840178 -0.519258
v -0.081086 -0.615642 -0.783843
v 0.081086 -0.615642 -0.783843
v 0.000000 -0.702907 -0.711282
v 0.237086 -0.758652 -0.606825
v 0.156434 -0.840178 -0.519258
v 0.081142 -0.780204 -0.620240
v 0.000000 -0.963861 -0.266405
v -0.082324 -0.912982 -0.399607
v 0.082324 -0.912982 -0.399607
v 0.571252 -0.792649 -0.213023
v 0.615642 -0.783843 -0.081086
v 0.453990 -0.757935 -0.468430
v 0.516122 -0.783452 -0.346153
v 0.707107 -0.601501 -0.371748
v 0.758652 -0.606825 -0.237086
v 0.647412 -0.702310 -0.296005
v 0.296005 -0.647412 -0.702310
v 0.371748 -0.707107 -0.601501
v 0.131200 -0.484442 -0.864929
v 0.213023 -0.571252 -0.792649
v 0.383614 -0.375039 -0.843911
v 0.468430 -0.453990 -0.757935
v 0.346153 -0.516122 -0.783452
v 0.606825 -0.237086 -0.758652
v 0.702310 -0.296005 -0.647412
v 0.601501 -0.371748 -0.707107
v 0.783843 -0.081086 -0.615642
v 0.864929 -0.131200 -0.484442
v 0.792649 -0.213023 -0.571252
v 0.843911 -0.383614 -0.375039
v 0.757935 -0.468430 -0.453990
v 0.783452 -0.346153 -0.516122
v 0.513375 -0.646578 -0.564254
v 0.564254 -0.513375 -0.646578
v 0.646578 -0.564254 -0.513375
v 0.702907 -0.711282 0.000000
v 0.840178 -0.519258 -0.156434
v 0.780204 -0.620240 -0.081142
v 0.840178 -0.519258 0.156434
v 0.780204 -0.620240 0.081142
v 0.916244 -0.264083 -0.301259
v 0.891007 -0.386187 -0.238677
v 0.915043 0.000000 -0.403355
v 0.924305 -0.131655 -0.358229
v 0.990439 0.000000 -0.137952
v 0.987688 -0.133071 -0.082242
v 0.966393 -0.132792 -0.220117
v 0.990439 0.000000 0.137952
v 0.966393 -0.132792 0.220117
v 0.987688 -0.133071 0.082242
v 0.915043 0.000000 0.403355
v 0.924305 -0.131655 0.358229
v 0.891007 -0.386187 0.238677
v 0.916244 -0.264083 0.301259
v 0.912982 -0.399607 -0.082324
v 0.963861 -0.266405 0.000000
v 0.912982 -0.399607 0.082324
v 0.131655 -0.358229 0.924305
v 0.386187 -0.238677 0.891007
v 0.264083 -0.301259 0.916244
v 0.133071 -0.082242 0.987688
v 0.132792 -0.220117 0.966393
v 0.620240 -0.081142 0.780204
v 0.519258 -0.156434 0.840178
v 0.711282 0.000000 0.702907
v 0.519258 0.156434 0.840178
v 0.620240 0.081142 0.780204
v 0.264083 0.301259 0.916244
v 0.386187 0.238677 0.891007
v 0.131655 0.358229 0.924305
v 0.133071 0.082242 0.987688
v 0.132792 0.220117 0.966393
v 0.399607 -0.082324 0.912982
v 0.399607 0.082324 0.912982
v 0.266405 0.000000 0.963861
v -0.571252 -0.792649 0.213023
v -0.453990 -0.757935 0.468430
v -0.516122 -0.783452 0.346153
v -0.707107 -0.601501 0.371748
v -0.647412 -0.702310 0.296005
v -0.296005 -0.647412 0.702310
v -0.371748 -0.707107 0.601501
v -0.213023 -0.571252 0.792649
v -0.468430 -0.453990 0.757935
v -0.346153 -0.516122 0.783452
v -0.702310 -0.296005 0.647412
v -0.601501 -0.371748 0.707107
v -0.792649 -0.213023 0.571252
v -0.757935 -0.468430 0.453990
v -0.783452 -0.346153 0.516122
v -0.513375 -0.646578 0.564254
v -0.564254 -0.513375 0.646578
v -0.646578 -0.564254 0.513375
v -0.213023 -0.571252 -0.792649
v -0.371748 -0.707107 -0.601501
v -0.296005 -0.647412 -0.702310
v -0.468430 -0.453990 -0.757935
v -0.346153 -0.516122 -0.783452
v -0.516122 -0.783452 -0.346153
v -0.453990 -0.757935 -0.468430
v -0.571252 -0.792649 -0.213023
v -0.707107 -0.601501 -0.371748
v -0.647412 -0.702310 -0.296005
v -0.783452 -0.346153 -0.516122
v -0.757935 -0.468430 -0.453990
v -0.792649 -0.213023 -0.571252
v -0.601501 -0.371748 -0.707107
v -0.702310 -0.296005 -0.647412
v -0.513375 -0.646578 -0.564254
v -0.646578 -0.564254 -0.513375
v -0.564254 -0.513375 -0.646578
v 0.711282 0.000000 -0.702907
v 0.519258 -0.156434 -0.840178
v 0.620240 -0.081142 -0.780204
v 0.519258 0.156434 -0.840178
v 0.620240 0.081142 -0.780204
v 0.264083 -0.301259 -0.916244
v 0.386187 -0.238677 -0.891007
v 0.131655 -0.358229 -0.924305
v 0.133071 -0.082242 -0.987688
v 0.132792 -0.220117 -0.966393
v 0.132792 0.220117 -0.966393
v 0.133071 0.082242 -0.987688
v 0.131655 0.358229 -0.924305
v 0.386187 0.238677 -0.891007
v 0.264083 0.301259 -0.916244
v 0.399607 -0.082324 -0.912982
v 0.266405 0.000000 -0.963861
v 0.399607 0.082324 -0.912982
v 0.924305 0.131655 0.358229
v 0.987688 0.133071 0.082242
v 0.966393 0.132792 0.220117
v 0.891007 0.386187 0.238677
v 0.916244 0.264083 0.301259
v 0.966393 0.132792 -0.220117
v 0.987688 0.133071 -0.082242
v 0.924305 0.131655 -0.358229
v 0.891007 0.386187 -0.238677
v 0.916244 0.264083 -0.301259
v 0.780204 0.620240 -0.081142
v 0.840178 0.519258 -0.156434
v 0.702907 0.711282 0.000000
v 0.840178 0.519258 0.156434
v 0.780204 0.620240 0.081142
v 0.963861 0.266405 0.000000
v 0.912982 0.399607 -0.082324
v 0.912982 0.399607 0.082324
f 0 162 164
f 162 42 163
f 163 44 164
f 162 163 164
f 42 165 167
f 165 12 166
f 166 43 167
f 165 166 167
f 43 168 170
f 168 14 169
f 169 44 170
f 168 169 170
f 42 167 163
f 167 43 170
f 170 44 163
f 167 170 163
f 12 171 173
f 171 45 172
f 172 47 173
f 171 172 173
f 45 174 176
f 174 11 175
f 175 46 176
f 174 175 176
f 46 177 179
f 177 13 178
f 178 47 179
f 177 178 179
f 45 176 172
f 176 46 179
f 179 47 172
f 176 179 172
f 13 180 182
f 180 48 181
f 181 50 182
f 180 181 182
f 48 183 185
f 183 5 184
f 184 49 185
f 183 184 185
f 49 186 188
f 186 14 187
f 187 50 188
f 186 187 188
f 48 185 181
f 185 49 188
f 188 50 181
f 185 188 181
f 12 173 166
f 173 47 189
f 189 43 166
f 173 189 166
f 47 178 190
f 178 13 182
f 182 50 190
f 178 182 190
f 50 187 191
f 187 14 168
f 168 43 191
f 187 168 191
f 47 190 189
f 190 50 191
f 191 43 189
f 190 191 189
f 0 164 193
f 164 44 192
f 192 52 193
f 164 192 193
f 44 169 195
f 169 14 194
f 194 51 195
f 169 194 195
f 51 196 198
f 196 16 197
f 197 52 198
f 196 197 198
f 44 195 192
f 195 51 198
f 198 52 192
f 195 198 192
f 14 186 200
f 186 49 199
f 199 54 200
f 186 199 200
f 49 184 202
f 184 5 201
f 201 53 202
f 184 201 202
f 53 203 205
f 203 15 204
f 204 54 205
f 203 204 205
f 49 202 199
f 202 53 205
f 205 54 199
f 202 205 199
f 15 206 208
f 206 55 207
f 207 57 208
f 206 207 208
f 55 209 211
f 209 1 210
f 210 56 211
f 209 210 211
f 56 212 214
f 212 16 213
f 213 57 214
f 212 213 214
f 55 211 207
f 211 56 214
f 214 57 207
f 211 214 207
f 14 200 194
f 200 54 215
f 215 51 194
f 200 215 194
f 54 204 216
f 204 15 208
f 208 57 216
f 204 208 216
f 57 213 217
f 213 16 196
f 196 51 217
f 213 196 217
f 54 216 215
f 216 57 217
f 217 51 215
f 216 217 215
f 0 193 219
f 193 52 218
f 218 59 219
f 193 218 219
f 52 197 221
f 197 16 220
f 220 58 221
f 197 220 221
f 58 222 224
f 222 18 223
f 223 59 224
f 222 223 224
f 52 221 218
f 221 58 224
f 224 59 218
f 221 224 218
f 16 212 226
f 212 56 225
f 225 61 226
f 212 225 226
f 56 210 228
f 210 1 227
f 227 60 228
f 210 227 228
f 60 229 231
f 229 17 230
f 230 61 231
f 229 230 231
f 56 228 225
f 228 60 231
f 231 61 225
f 228 231 225
f 17 232 234
f 232 62 233
f 233 64 234
f 232 233 234
f 62 235 237
f 235 7 236
f 236 63 237
f 235 236 237
f 63 238 240
f 238 18 239
f 239 64 240
f 238 239 240
f 62 237 233
f 237 63 240
f 240 64 233
f 237 240 233
f 16 226 220
f 226 61 241
f 241 58 220
f 226 241 220
f 61 230 242
f 230 17 234
f 234 64 242
f 230 234 242
f 64 239 243
f 239 18 222
f 222 58 243
f 239 222 243
f 61 242 241
f 242 64 243
f 243 58 241
f 242 243 241
f 0 219 245
f 219 59 244
f 244 66 245
f 219 244 245
f 59 223 247
f 223 18 246
f 246 65 247
f 223 246 247
f 65 248 250
f 248 20 249
f 249 66 250
f 248 249 250
f 59 247 244
f 247 65 250
f 250 66 244
f 247 250 244
f 18 238 252
f 238 63 251
f 251 68 252
f 238 251 252
f 63 236 254
f 236 7 253
f 253 67 254
f 236 253 254
f 67 255 257
f 255 19 256
f 256 68 257
f 255 256 257
f 63 254 251
f 254 67 257
f 257 68 251
f 254 257 251
f 19 258 260
f 258 69 259
f 259 71 260
f 258 259 260
f 69 261 263
f 261 10 262
f 262 70 263
f 261 262 263
f 70 264 266
f 264 20 265
f 265 71 266
f 264 265 266
f 69 263 259
f 263 70 266
f 266 71 259
f 263 266 259
f 18 252 246
f 252 68 267
f 267 65 246
f 252 267 246
f 68 256 268
f 256 19 260
f 260 71 268
f 256 260 268
f 71 265 269
f 265 20 248
f 248 65 269
f 265 248 269
f 68 268 267
f 268 71 269
f 269 65 267
f 268 269 267
f 0 245 162
f 245 66 270
f 270 42 162
f 245 270 162
f 66 249 272
f 249 20 271
f 271 72 272
f 249 271 272
f 72 273 274
f 273 12 165
f 165 42 274
f 273 165 274
f 66 272 270
f 272 72 274
f 274 42 270
f 272 274 270
f 20 264 276
f 264 70 275
f 275 74 276
f 264 275 276
f 70 262 278
f 262 10 277
f 277 73 278
f 262 277 278
f 73 279 281
f 279 21 280
f 280 74 281
f 279 280 281
f 70 278 275
f 278 73 281
f 281 74 275
f 278 281 275
f 21 282 284
f 282 75 283
f 283 76 284
f 282 283 284
f 75 285 286
f 285 11 174
f 174 45 286
f 285 174 286
f 45 171 288
f 171 12 287
f 287 76 288
f 171 287 288
f 75 286 283
f 286 45 288
f 288 76 283
f 286 288 283
f 20 276 271
f 276 74 289
f 289 72 271
f 276 289 271
f 74 280 290
f 280 21 284
f 284 76 290
f 280 284 290
f 76 287 291
f 287 12 273
f 273 72 291
f 287 273 291
f 74 290 289
f 290 76 291
f 291 72 289
f 290 291 289
f 1 209 293
f 209 55 292
f 292 78 293
f 209 292 293
f 55 206 295
f 206 15 294
f 294 77 295
f 206 294 295
f 77 296 298
f 296 23 297
f 297 78 298
f 296 297 298
f 55 295 292
f 295 77 298
f 298 78 292
f 295 298 292
f 15 203 300
f 203 53 299
f 299 80 300
f 203 299 300
f 53 201 302
f 201 5 301
f 301 79 302
f 201 301 302
f 79 303 305
f 303 22 304
f 304 80 305
f 303 304 305
f 53 302 299
f 302 79 305
f 305 80 299
f 302 305 299
f 22 306 308
f 306 81 307
f 307 83 308
f 306 307 308
f 81 309 311
f 309 9 310
f 310 82 311
f 309 310 311
f 82 312 314
f 312 23 313
f 313 83 314
f 312 313 314
f 81 311 307
f 311 82 314
f 314 83 307
f 311 314 307
f 15 300 294
f 300 80 315
f 315 77 294
f 300 315 294
f 80 304 316
f 304 22 308
f 308 83 316
f 304 308 316
f 83 313 317
f 313 23 296
f 296 77 317
f 313 296 317
f 80 316 315
f 316 83 317
f 317 77 315
f 316 317 315
f 5 183 319
f 183 48 318
f 318 85 319
f 183 318 319
f 48 180 321
f 180 13 320
f 320 84 321
f 180 320 321
f 84 322 324
f 322 25 323
f 323 85 324
f 322 323 324
f 48 321 318
f 321 84 324
f 324 85 318
f 321 324 318
f 13 177 326
f 177 46 325
f 325 87 326
f 177 325 326
f 46 175 328
f 175 11 327
f 327 86 328
f 175 327 328
f 86 329 331
f 329 24 330
f 330 87 331
f 329 330 331
f 46 328 325
f 328 86 331
f 331 87 325
f 328 331 325
f 24 332 334
f 332 88 333
f 333 90 334
f 332 333 334
f 88 335 337
f 335 4 336
f 336 89 337
f 335 336 337
f 89 338 340
f 338 25 339
f 339 90 340
f 338 339 340
f 88 337 333
f 337 89 340
f 340 90 333
f 337 340 333
f 13 326 320
f 326 87 341
f 341 84 320
f 326 341 320
f 87 330 342
f 330 24 334
f 334 90 342
f 330 334 342
f 90 339 343
f 339 25 322
f 322 84 343
f 339 322 343
f 87 342 341
f 342 90 343
f 343 84 341
f 342 343 341
f 11 285 345
f 285 75 344
f 344 92 345
f 285 344 345
f 75 282 347
f 282 21 346
f 346 91 347
f 282 346 347
f 91 348 350
f 348 27 349
f 349 92 350
f 348 349 350
f 75 347 344
f 347 91 350
f 350 92 344
f 347 350 344
f 21 279 352
f 279 73 351
f 351 94 352
f 279 351 352
f 73 277 354
f 277 10 353
f 353 93 354
f 277 353 354
f 93 355 357
f 355 26 356
f 356 94 357
f 355 356 357
f 73 354 351
f 354 93 357
f 357 94 351
f 354 357 351
f 26 358 360
f 358 95 359
f 359 97 360
f 358 359 360
f 95 361 363
f 361 2 362
f 362 96 363
f 361 362 363
f 96 364 366
f 364 27 365
f 365 97 366
f 364 365 366
f 95 363 359
f 363 96 366
f 366 97 359
f 363 366 359
f 21 352 346
f 352 94 367
f 367 91 346
f 352 367 346
f 94 356 368
f 356 26 360
f 360 97 368
f 356 360 368
f 97 365 369
f 365 27 348
f 348 91 369
f 365 348 369
f 94 368 367
f 368 97 369
f 369 91 367
f 368 369 367
f 10 261 371
f 261 69 370
f 370 99 371
f 261 370 371
f 69 258 373
f 258 19 372
f 372 98 373
f 258 372 373
f 98 374 376
f 374 29 375
f 375 99 376
f 374 375 376
f 69 373 370
f 373 98 376
f 376 99 370
f 373 376 370
f 19 255 378
f 255 67 377
f 377 101 378
f 255 377 378
f 67 253 380
f 253 7 379
f 379 100 380
f 253 379 380
f 100 381 383
f 381 28 382
f 382 101 383
f 381 382 383
f 67 380 377
f 380 100 383
f 383 101 377
f 380 383 377
f 28 384 386
f 384 102 385
f 385 104 386
f 384 385 386
f 102 387 389
f 387 6 388
f 388 103 389
f 387 388 389
f 103 390 392
f 390 29 391
f 391 104 392
f 390 391 392
f 102 389 385
f 389 103 392
f 392 104 385
f 389 392 385
f 19 378 372
f 378 101 393
f 393 98 372
f 378 393 372
f 101 382 394
f 382 28 386
f 386 104 394
f 382 386 394
f 104 391 395
f 391 29 374
f 374 98 395
f 391 374 395
f 101 394 393
f 394 104 395
f 395 98 393
f 394 395 393
f 7 235 397
f 235 62 396
f 396 106 397
f 235 396 397
f 62 232 399
f 232 17 398
f 398 105 399
f 232 398 399
f 105 400 402
f 400 31 401
f 401 106 402
f 400 401 402
f 62 399 396
f 399 105 402
f 402 106 396
f 399 402 396
f 17 229 404
f 229 60 403
f 403 108 404
f 229 403 404
f 60 227 406
f 227 1 405
f 405 107 406
f 227 405 406
f 107 407 409
f 407 30 408
f 408 108 409
f 407 408 409
f 60 406 403
f 406 107 409
f 409 108 403
f 406 409 403
f 30 410 412
f 410 109 411
f 411 111 412
f 410 411 412
f 109 413 415
f 413 8 414
f 414 110 415
f 413 414 415
f 110 416 418
f 416 31 417
f 417 111 418
f 416 417 418
f 109 415 411
f 415 110 418
f 418 111 411
f 415 418 411
f 17 404 398
f 404 108 419
f 419 105 398
f 404 419 398
f 108 408 420
f 408 30 412
f 412 111 420
f 408 412 420
f 111 417 421
f 417 31 400
f 400 105 421
f 417 400 421
f 108 420 419
f 420 111 421
f 421 105 419
f 420 421 419
f 3 422 424
f 422 112 423
f 423 114 424
f 422 423 424
f 112 425 427
f 425 32 426
f 426 113 427
f 425 426 427
f 113 428 430
f 428 34 429
f 429 114 430
f 428 429 430
f 112 427 423
f 427 113 430
f 430 114 423
f 427 430 423
f 32 431 433
f 431 115 432
f 432 117 433
f 431 432 433
f 115 434 436
f 434 9 435
f 435 116 436
f 434 435 436
f 116 437 439
f 437 33 438
f 438 117 439
f 437 438 439
f 115 436 432
f 436 116 439
f 439 117 432
f 436 439 432
f 33 440 442
f 440 118 441
f 441 120 442
f 440 441 442
f 118 443 445
f 443 4 444
f 444 119 445
f 443 444 445
f 119 446 448
f 446 34 447
f 447 120 448
f 446 447 448
f 118 445 441
f 445 119 448
f 448 120 441
f 445 448 441
f 32 433 426
f 433 117 449
f 449 113 426
f 433 449 426
f 117 438 450
f 438 33 442
f 442 120 450
f 438 442 450
f 120 447 451
f 447 34 428
f 428 113 451
f 447 428 451
f 117 450 449
f 450 120 451
f 451 113 449
f 450 451 449
f 3 424 453
f 424 114 452
f 452 122 453
f 424 452 453
f 114 429 455
f 429 34 454
f 454 121 455
f 429 454 455
f 121 456 458
f 456 36 457
f 457 122 458
f 456 457 458
f 114 455 452
f 455 121 458
f 458 122 452
f 455 458 452
f 34 446 460
f 446 119 459
f 459 124 460
f 446 459 460
f 119 444 462
f 444 4 461
f 461 123 462
f 444 461 462
f 123 463 465
f 463 35 464
f 464 124 465
f 463 464 465
f 119 462 459
f 462 123 465
f 465 124 459
f 462 465 459
f 35 466 468
f 466 125 467
f 467 127 468
f 466 467 468
f 125 469 471
f 469 2 470
f 470 126 471
f 469 470 471
f 126 472 474
f 472 36 473
f 473 127 474
f 472 473 474
f 125 471 467
f 471 126 474
f 474 127 467
f 471 474 467
f 34 460 454
f 460 124 475
f 475 121 454
f 460 475 454
f 124 464 476
f 464 35 468
f 468 127 476
f 464 468 476
f 127 473 477
f 473 36 456
f 456 121 477
f 473 456 477
f 124 476 475
f 476 127 477
f 477 121 475
f 476 477 475
f 3 453 479
f 453 122 478
f 478 129 479
f 453 478 479
f 122 457 481
f 457 36 480
f 480 128 481
f 457 480 481
f 128 482 484
f 482 38 483
f 483 129 484
f 482 483 484
f 122 481 478
f 481 128 484
f 484 129 478
f 481 484 478
f 36 472 486
f 472 126 485
f 485 131 486
f 472 485 486
f 126 470 488
f 470 2 487
f 487 130 488
f 470 487 488
f 130 489 491
f 489 37 490
f 490 131 491
f 489 490 491
f 126 488 485
f 488 130 491
f 491 131 485
f 488 491 485
f 37 492 494
f 492 132 493
f 493 134 494
f 492 493 494
f 132 495 497
f 495 6 496
f 496 133 497
f 495 496 497
f 133 498 500
f 498 38 499
f 499 134 500
f 498 499 500
f 132 497 493
f 497 133 500
f 500 134 493
f 497 500 493
f 36 486 480
f 486 131 501
f 501 128 480
f 486 501 480
f 131 490 502
f 490 37 494
f 494 134 502
f 490 494 502
f 134 499 503
f 499 38 482
f 482 128 503
f 499 482 503
f 131 502 501
f 502 134 503
f 503 128 501
f 502 503 501
f 3 479 505
f 479 129 504
f 504 136 505
f 479 504 505
f 129 483 507
f 483 38 506
f 506 135 507
f 483 506 507
f 135 508 510
f 508 40 509
f 509 136 510
f 508 509 510
f 129 507 504
f 507 135 510
f 510 136 504
f 507 510 504
f 38 498 512
f 498 133 511
f 511 138 512
f 498 511 512
f 133 496 514
f 496 6 513
f 513 137 514
f 496 513 514
f 137 515 517
f 515 39 516
f 516 138 517
f 515 516 517
f 133 514 511
f 514 137 517
f 517 138 511
f 514 517 511
f 39 518 520
f 518 139 519
f 519 141 520
f 518 519 520
f 139 521 523
f 521 8 522
f 522 140 523
f 521 522 523
f 140 524 526
f 524 40 525
f 525 141 526
f 524 525 526
f 139 523 519
f 523 140 526
f 526 141 519
f 523 526 519
f 38 512 506
f 512 138 527
f 527 135 506
f 512 527 506
f 138 516 528
f 516 39 520
f 520 141 528
f 516 520 528
f 141 525 529
f 525 40 508
f 508 135 529
f 525 508 529
f 138 528 527
f 528 141 529
f 529 135 527
f 528 529 527
f 3 505 422
f 505 136 530
f 530 112 422
f 505 530 422
f 136 509 532
f 509 40 531
f 531 142 532
f 509 531 532
f 142 533 534
f 533 32 425
f 425 112 534
f 533 425 534
f 136 532 530
f 532 142 534
f 534 112 530
f 532 534 530
f 40 524 536
f 524 140 535
f 535 144 536
f 524 535 536
f 140 522 538
f 522 8 537
f 537 143 538
f 522 537 538
f 143 539 541
f 539 41 540
f 540 144 541
f 539 540 541
f 140 538 535
f 538 143 541
f 541 144 535
f 538 541 535
f 41 542 544
f 542 145 543
f 543 146 544
f 542 543 544
f 145 545 546
f 545 9 434
f 434 115 546
f 545 434 546
f 115 431 548
f 431 32 547
f 547 146 548
f 431 547 548
f 145 546 543
f 546 115 548
f 548 146 543
f 546 548 543
f 40 536 531
f 536 144 549
f 549 142 531
f 536 549 531
f 144 540 550
f 540 41 544
f 544 146 550
f 540 544 550
f 146 547 551
f 547 32 533
f 533 142 551
f 547 533 551
f 144 550 549
f 550 146 551
f 551 142 549
f 550 551 549
f 4 443 336
f 443 118 552
f 552 89 336
f 443 552 336
f 118 440 554
f 440 33 553
f 553 147 554
f 440 553 554
f 147 555 556
f 555 25 338
f 338 89 556
f 555 338 556
f 118 554 552
f 554 147 556
f 556 89 552
f 554 556 552
f 33 437 558
f 437 116 557
f 557 148 558
f 437 557 558
f 116 435 559
f 435 9 309
f 309 81 559
f 435 309 559
f 81 306 561
f 306 22 560
f 560 148 561
f 306 560 561
f 116 559 557
f 559 81 561
f 561 148 557
f 559 561 557
f 22 303 563
f 303 79 562
f 562 149 563
f 303 562 563
f 79 301 564
f 301 5 319
f 319 85 564
f 301 319 564
f 85 323 566
f 323 25 565
f 565 149 566
f 323 565 566
f 79 564 562
f 564 85 566
f 566 149 562
f 564 566 562
f 33 558 553
f 558 148 567
f 567 147 553
f 558 567 553
f 148 560 568
f 560 22 563
f 563 149 568
f 560 563 568
f 149 565 569
f 565 25 555
f 555 147 569
f 565 555 569
f 148 568 567
f 568 149 569
f 569 147 567
f 568 569 567
f 2 469 362
f 469 125 570
f 570 96 362
f 469 570 362
f 125 466 572
f 466 35 571
f 571 150 572
f 466 571 572
f 150 573 574
f 573 27 364
f 364 96 574
f 573 364 574
f 125 572 570
f 572 150 574
f 574 96 570
f 572 574 570
f 35 463 576
f 463 123 575
f 575 151 576
f 463 575 576
f 123 461 577
f 461 4 335
f 335 88 577
f 461 335 577
f 88 332 579
f 332 24 578
f 578 151 579
f 332 578 579
f 123 577 575
f 577 88 579
f 579 151 575
f 577 579 575
f 24 329 581
f 329 86 580
f 580 152 581
f 329 580 581
f 86 327 582
f 327 11 345
f 345 92 582
f 327 345 582
f 92 349 584
f 349 27 583
f 583 152 584
f 349 583 584
f 86 582 580
f 582 92 584
f 584 152 580
f 582 584 580
f 35 576 571
f 576 151 585
f 585 150 571
f 576 585 571
f 151 578 586
f 578 24 581
f 581 152 586
f 578 581 586
f 152 583 587
f 583 27 573
f 573 150 587
f 583 573 587
f 151 586 585
f 586 152 587
f 587 150 585
f 586 587 585
f 6 495 388
f 495 132 588
f 588 103 388
f 495 588 388
f 132 492 590
f 492 37 589
f 589 153 590
f 492 589 590
f 153 591 592
f 591 29 390
f 390 103 592
f 591 390 592
f 132 590 588
f 590 153 592
f 592 103 588
f 590 592 588
f 37 489 594
f 489 130 593
f 593 154 594
f 489 593 594
f 130 487 595
f 487 2 361
f 361 95 595
f 487 361 595
f 95 358 597
f 358 26 596
f 596 154 597
f 358 596 597
f 130 595 593
f 595 95 597
f 597 154 593
f 595 597 593
f 26 355 599
f 355 93 598
f 598 155 599
f 355 598 599
f 93 353 600
f 353 10 371
f 371 99 600
f 353 371 600
f 99 375 602
f 375 29 601
f 601 155 602
f 375 601 602
f 93 600 598
f 600 99 602
f 602 155 598
f 600 602 598
f 37 594 589
f 594 154 603
f 603 153 589
f 594 603 589
f 154 596 604
f 596 26 599
f 599 155 604
f 596 599 604
f 155 601 605
f 601 29 591
f 591 153 605
f 601 591 605
f 154 604 603
f 604 155 605
f 605 153 603
f 604 605 603
f 8 521 414
f 521 139 606
f 606 110 414
f 521 606 414
f 139 518 608
f 518 39 607
f 607 156 608
f 518 607 608
f 156 609 610
f 609 31 416
f 416 110 610
f 609 416 610
f 139 608 606
f 608 156 610
f 610 110 606
f 608 610 606
f 39 515 612
f 515 137 611
f 611 157 612
f 515 611 612
f 137 513 613
f 513 6 387
f 387 102 613
f 513 387 613
f 102 384 615
f 384 28 614
f 614 157 615
f 384 614 615
f 137 613 611
f 613 102 615
f 615 157 611
f 613 615 611
f 28 381 617
f 381 100 616
f 616 158 617
f 381 616 617
f 100 379 618
f 379 7 397
f 397 106 618
f 379 397 618
f 106 401 620
f 401 31 619
f 619 158 620
f 401 619 620
f 100 618 616
f 618 106 620
f 620 158 616
f 618 620 616
f 39 612 607
f 612 157 621
f 621 156 607
f 612 621 607
f 157 614 622
f 614 28 617
f 617 158 622
f 614 617 622
f 158 619 623
f 619 31 609
f 609 156 623
f 619 609 623
f 157 622 621
f 622 158 623
f 623 156 621
f 622 623 621
f 9 545 310
f 545 145 624
f 624 82 310
f 545 624 310
f 145 542 626
f 542 41 625
f 625 159 626
f 542 625 626
f 159 627 628
f 627 23 312
f 312 82 628
f 627 312 628
f 145 626 624
f 626 159 628
f 628 82 624
f 626 628 624
f 41 539 630
f 539 143 629
f 629 160 630
f 539 629 630
f 143 537 631
f 537 8 413
f 413 109 631
f 537 413 631
f 109 410 633
f 410 30 632
f 632 160 633
f 410 632 633
f 143 631 629
f 631 109 633
f 633 160 629
f 631 633 629
f 30 407 635
f 407 107 634
f 634 161 635
f 407 634 635
f 107 405 636
f 405 1 293
f 293 78 636
f 405 293 636
f 78 297 638
f 297 23 637
f 637 161 638
f 297 637 638
f 107 636 634
f 636 78 638
f 638 161 634
f 636 638 634
f 41 630 625
f 630 160 639
f 639 159 625
f 630 639 625
f 160 632 640
f 632 30 635
f 635 161 640
f 632 635 640
f 161 637 641
f 637 23 627
f 627 159 641
f 637 627 641
f 160 640 639
f 640 161 641
f 641 159 639
f 640 641 639
np 162 164 193 219 245
np 209 210 227 293 405
np 361 362 469 470 487
np 422 424 453 479 505
np 335 336 443 444 461
np 183 184 201 301 319
np 387 388 495 496 513
np 235 236 253 379 397
np 413 414 521 522 537
np 309 310 434 435 545
np 261 262 277 353 371
np 174 175 285 327 345
np 165 166 171 173 273 287
np 177 178 180 182 320 326
np 168 169 186 187 194 200
np 203 204 206 208 294 300
np 196 197 212 213 220 226
np 229 230 232 234 398 404
np 222 223 238 239 246 252
np 255 256 258 260 372 378
np 248 249 264 265 271 276
np 279 280 282 284 346 352
np 303 304 306 308 560 563
np 296 297 312 313 627 637
np 329 330 332 334 578 581
np 322 323 338 339 555 565
np 355 356 358 360 596 599
np 348 349 364 365 573 583
np 381 382 384 386 614 617
np 374 375 390 391 591 601
np 407 408 410 412 632 635
np 400 401 416 417 609 619
np 425 426 431 433 533 547
np 437 438 440 442 553 558
np 428 429 446 447 454 460
np 463 464 466 468 571 576
np 456 457 472 473 480 486
np 489 490 492 494 589 594
np 482 483 498 499 506 512
np 515 516 518 520 607 612
np 508 509 524 525 531 536
np 539 540 542 544 625 630
np 162 163 165 167 270 274
np 166 167 168 170 189 191
np 163 164 169 170 192 195
np 171 172 174 176 286 288
np 175 176 177 179 325 328
np 172 173 178 179 189 190
np 180 181 183 185 318 321
np 184 185 186 188 199 202
np 181 182 187 188 190 191
np 194 195 196 198 215 217
np 192 193 197 198 218 221
np 201 202 203 205 299 302
np 199 200 204 205 215 216
np 206 207 209 211 292 295
np 210 211 212 214 225 228
np 207 208 213 214 216 217
np 220 221 222 224 241 243
np 218 219 223 224 244 247
np 227 228 229 231 403 406
np 225 226 230 231 241 242
np 232 233 235 237 396 399
np 236 237 238 240 251 254
np 233 234 239 240 242 243
np 246 247 248 250 267 269
np 244 245 249 250 270 272
np 253 254 255 257 377 380
np 251 252 256 257 267 268
np 258 259 261 263 370 373
np 262 263 264 266 275 278
np 259 260 265 266 268 269
np 271 272 273 274 289 291
np 277 278 279 281 351 354
np 275 276 280 281 289 290
np 282 283 285 286 344 347
np 283 284 287 288 290 291
np 294 295 296 298 315 317
np 292 293 297 298 636 638
np 301 302 303 305 562 564
np 299 300 304 305 315 316
np 306 307 309 311 559 561
np 310 311 312 314 624 628
np 307 308 313 314 316 317
np 320 321 322 324 341 343
np 318 319 323 324 564 566
np 327 328 329 331 580 582
np 325 326 330 331 341 342
np 332 333 335 337 577 579
np 336 337 338 340 552 556
np 333 334 339 340 342 343
np 346 347 348 350 367 369
np 344 345 349 350 582 584
np 353 354 355 357 598 600
np 351 352 356 357 367 368
np 358 359 361 363 595 597
np 362 363 364 366 570 574
np 359 360 365 366 368 369
np 372 373 374 376 393 395
np 370 371 375 376 600 602
np 379 380 381 383 616 618
np 377 378 382 383 393 394
np 384 385 387 389 613 615
np 388 389 390 392 588 592
np 385 386 391 392 394 395
np 398 399 400 402 419 421
np 396 397 401 402 618 620
np 405 406 407 409 634 636
np 403 404 408 409 419 420
np 410 411 413 415 631 633
np 414 415 416 418 606 610
np 411 412 417 418 420 421
np 422 423 425 427 530 534
np 426 427 428 430 449 451
np 423 424 429 430 452 455
np 431 432 434 436 546 548
np 435 436 437 439 557 559
np 432 433 438 439 449 450
np 440 441 443 445 552 554
np 444 445 446 448 459 462
np 441 442 447 448 450 451
np 454 455 456 458 475 477
np 452 453 457 458 478 481
np 461 462 463 465 575 577
np 459 460 464 465 475 476
np 466 467 469 471 570 572
np 470 471 472 474 485 488
np 467 468 473 474 476 477
np 480 481 482 484 501 503
np 478 479 483 484 504 507
np 487 488 489 491 593 595
np 485 486 490 491 501 502
np 492 493 495 497 588 590
np 496 497 498 500 511 514
np 493 494 499 500 502 503
np 506 507 508 510 527 529
np 504 505 509 510 530 532
np 513 514 515 517 611 613
np 511 512 516 517 527 528
np 518 519 521 523 606 608
np 522 523 524 526 535 538
np 519 520 525 526 528 529
np 531 532 533 534 549 551
np 537 538 539 541 629 631
np 535 536 540 541 549 550
np 542 543 545 546 624 626
np 543 544 547 548 550 551
np 553 554 555 556 567 569
np 557 558 560 561 567 568
np 562 563 565 566 568 569
np 571 572 573 574 585 587
np 575 576 578 579 585 586
np 580 581 583 584 586 587
np 589 590 591 592 603 605
np 593 594 596 597 603 604
np 598 599 601 602 604 605
np 607 608 609 610 621 623
np 611 612 614 615 621 622
np 616 617 619 620 622 623
np 625 626 627 628 639 641
np 629 630 632 633 639 640
np 634 635 637 638 640 641
np 0 164 42 163 245 270
np 162 42 44 164 167 170
np 0 162 163 44 193 192
np 42 167 12 166 273 274
np 165 12 43 167 173 189
np 42 165 166 43 163 170
np 43 170 14 169 187 191
np 168 14 44 170 195 194
np 43 168 169 44 167 163
np 12 173 45 172 288 287
np 171 45 47 173 176 179
np 12 171 172 47 166 189
np 45 176 11 175 285 286
np 174 11 46 176 328 327
np 45 174 175 46 172 179
np 46 179 13 178 326 325
np 177 13 47 179 190 182
np 46 177 178 47 176 172
np 13 182 48 181 321 320
np 180 48 50 182 185 188
np 13 180 181 50 178 190
np 48 185 5 184 319 318
np 183 5 49 185 202 201
np 48 183 184 49 181 188
np 49 188 14 187 200 199
np 186 14 50 188 191 168
np 49 186 187 50 185 181
np 173 47 43 166 190 191
np 47 178 182 50 189 191
np 50 187 168 43 190 189
np 164 44 52 193 195 198
np 0 164 192 52 219 218
np 169 14 51 195 200 215
np 44 169 194 51 192 198
np 51 198 16 197 213 217
np 196 16 52 198 221 220
np 51 196 197 52 195 192
np 186 49 54 200 202 205
np 14 186 199 54 194 215
np 184 5 53 202 302 301
np 49 184 201 53 199 205
np 53 205 15 204 300 299
np 203 15 54 205 216 208
np 53 203 204 54 202 199
np 15 208 55 207 295 294
np 206 55 57 208 211 214
np 15 206 207 57 204 216
np 55 211 1 210 293 292
np 209 1 56 211 228 227
np 55 209 210 56 207 214
np 56 214 16 213 226 225
np 212 16 57 214 217 196
np 56 212 213 57 211 207
np 200 54 51 194 216 217
np 54 204 208 57 215 217
np 57 213 196 51 216 215
np 193 52 59 219 221 224
np 0 193 218 59 245 244
np 197 16 58 221 226 241
np 52 197 220 58 218 224
np 58 224 18 223 239 243
np 222 18 59 224 247 246
np 58 222 223 59 221 218
np 212 56 61 226 228 231
np 16 212 225 61 220 241
np 210 1 60 228 406 405
np 56 210 227 60 225 231
np 60 231 17 230 404 403
np 229 17 61 231 242 234
np 60 229 230 61 228 225
np 17 234 62 233 399 398
np 232 62 64 234 237 240
np 17 232 233 64 230 242
np 62 237 7 236 397 396
np 235 7 63 237 254 253
np 62 235 236 63 233 240
np 63 240 18 239 252 251
np 238 18 64 240 243 222
np 63 238 239 64 237 233
np 226 61 58 220 242 243
np 61 230 234 64 241 243
np 64 239 222 58 242 241
np 219 59 66 245 247 250
np 0 219 244 66 162 270
np 223 18 65 247 252 267
np 59 223 246 65 244 250
np 65 250 20 249 265 269
np 248 20 66 250 272 271
np 65 248 249 66 247 244
np 238 63 68 252 254 257
np 18 238 251 68 246 267
np 236 7 67 254 380 379
np 63 236 253 67 251 257
np 67 257 19 256 378 377
np 255 19 68 257 268 260
np 67 255 256 68 254 251
np 19 260 69 259 373 372
np 258 69 71 260 263 266
np 19 258 259 71 256 268
np 69 263 10 262 371 370
np 261 10 70 263 278 277
np 69 261 262 70 259 266
np 70 266 20 265 276 275
np 264 20 71 266 269 248
np 70 264 265 71 263 259
np 252 68 65 246 268 269
np 68 256 260 71 267 269
np 71 265 248 65 268 267
np 245 66 42 162 272 274
np 249 20 72 272 276 289
np 66 249 271 72 270 274
np 72 274 12 165 287 291
np 72 273 165 42 272 270
np 264 70 74 276 278 281
np 20 264 275 74 271 289
np 262 10 73 278 354 353
np 70 262 277 73 275 281
np 73 281 21 280 352 351
np 279 21 74 281 290 284
np 73 279 280 74 278 275
np 21 284 75 283 347 346
np 282 75 76 284 286 288
np 21 282 283 76 280 290
np 75 286 11 174 345 344
np 75 285 174 45 283 288
np 171 12 76 288 291 273
np 45 171 287 76 286 283
np 276 74 72 271 290 291
np 74 280 284 76 289 291
np 76 287 273 72 290 289
np 209 55 78 293 295 298
np 1 209 292 78 405 636
np 206 15 77 295 300 315
np 55 206 294 77 292 298
np 77 298 23 297 313 317
np 296 23 78 298 638 637
np 77 296 297 78 295 292
np 203 53 80 300 302 305
np 15 203 299 80 294 315
np 201 5 79 302 564 319
np 53 201 301 79 299 305
np 79 305 22 304 563 562
np 303 22 80 305 316 308
np 79 303 304 80 302 299
np 22 308 81 307 561 560
np 306 81 83 308 311 314
np 22 306 307 83 304 316
np 81 311 9 310 435 559
np 309 9 82 311 545 624
np 81 309 310 82 307 314
np 82 314 23 313 627 628
np 312 23 83 314 317 296
np 82 312 313 83 311 307
np 300 80 77 294 316 317
np 80 304 308 83 315 317
np 83 313 296 77 316 315
np 183 48 85 319 321 324
np 5 183 318 85 301 564
np 180 13 84 321 326 341
np 48 180 320 84 318 324
np 84 324 25 323 339 343
np 322 25 85 324 566 565
np 84 322 323 85 321 318
np 177 46 87 326 328 331
np 13 177 325 87 320 341
np 175 11 86 328 582 345
np 46 175 327 86 325 331
np 86 331 24 330 581 580
np 329 24 87 331 342 334
np 86 329 330 87 328 325
np 24 334 88 333 579 578
np 332 88 90 334 337 340
np 24 332 333 90 330 342
np 88 337 4 336 461 577
np 335 4 89 337 443 552
np 88 335 336 89 333 340
np 89 340 25 339 555 556
np 338 25 90 340 343 322
np 89 338 339 90 337 333
np 326 87 84 320 342 343
np 87 330 334 90 341 343
np 90 339 322 84 342 341
np 285 75 92 345 347 350
np 11 285 344 92 327 582
np 282 21 91 347 352 367
np 75 282 346 91 344 350
np 91 350 27 349 365 369
np 348 27 92 350 584 583
np 91 348 349 92 347 344
np 279 73 94 352 354 357
np 21 279 351 94 346 367
np 277 10 93 354 600 371
np 73 277 353 93 351 357
np 93 357 26 356 599 598
np 355 26 94 357 368 360
np 93 355 356 94 354 351
np 26 360 95 359 597 596
np 358 95 97 360 363 366
np 26 358 359 97 356 368
np 95 363 2 362 487 595
np 361 2 96 363 469 570
np 95 361 362 96 359 366
np 96 366 27 365 573 574
np 364 27 97 366 369 348
np 96 364 365 97 363 359
np 352 94 91 346 368 369
np 94 356 360 97 367 369
np 97 365 348 91 368 367
np 261 69 99 371 373 376
np 10 261 370 99 353 600
np 258 19 98 373 378 393
np 69 258 372 98 370 376
np 98 376 29 375 391 395
np 374 29 99 376 602 601
np 98 374 375 99 373 370
np 255 67 101 378 380 383
np 19 255 377 101 372 393
np 253 7 100 380 618 397
np 67 253 379 100 377 383
np 100 383 28 382 617 616
np 381 28 101 383 394 386
np 100 381 382 101 380 377
np 28 386 102 385 615 614
np 384 102 104 386 389 392
np 28 384 385 104 382 394
np 102 389 6 388 513 613
np 387 6 103 389 495 588
np 102 387 388 103 385 392
np 103 392 29 391 591 592
np 390 29 104 392 395 374
np 103 390 391 104 389 385
np 378 101 98 372 394 395
np 101 382 386 104 393 395
np 104 391 374 98 394 393
np 235 62 106 397 399 402
np 7 235 396 106 379 618
np 232 17 105 399 404 419
np 62 232 398 105 396 402
np 105 402 31 401 417 421
np 400 31 106 402 620 619
np 105 400 401 106 399 396
np 229 60 108 404 406 409
np 17 229 403 108 398 419
np 227 1 107 406 636 293
np 60 227 405 107 403 409
np 107 409 30 408 635 634
np 407 30 108 409 420 412
np 107 407 408 108 406 403
np 30 412 109 411 633 632
np 410 109 111 412 415 418
np 30 410 411 111 408 420
np 109 415 8 414 537 631
np 413 8 110 415 521 606
np 109 413 414 110 411 418
np 110 418 31 417 609 610
np 416 31 111 418 421 400
np 110 416 417 111 415 411
np 404 108 105 398 420 421
np 108 408 412 111 419 421
np 111 417 400 105 420 419
np 3 424 112 423 505 530
np 422 112 114 424 427 430
np 3 422 423 114 453 452
np 112 427 32 426 533 534
np 425 32 113 427 433 449
np 112 425 426 113 423 430
np 113 430 34 429 447 451
np 428 34 114 430 455 454
np 113 428 429 114 427 423
np 32 433 115 432 548 547
np 431 115 117 433 436 439
np 32 431 432 117 426 449
np 115 436 9 435 545 546
np 434 9 116 436 559 309
np 115 434 435 116 432 439
np 116 439 33 438 558 557
np 437 33 117 439 450 442
np 116 437 438 117 436 432
np 33 442 118 441 554 553
np 440 118 120 442 445 448
np 33 440 441 120 438 450
np 118 445 4 444 336 552
np 443 4 119 445 462 461
np 118 443 444 119 441 448
np 119 448 34 447 460 459
np 446 34 120 448 451 428
np 119 446 447 120 445 441
np 433 117 113 426 450 451
np 117 438 442 120 449 451
np 120 447 428 113 450 449
np 424 114 122 453 455 458
np 3 424 452 122 479 478
np 429 34 121 455 460 475
np 114 429 454 121 452 458
np 121 458 36 457 473 477
np 456 36 122 458 481 480
np 121 456 457 122 455 452
np 446 119 124 460 462 465
np 34 446 459 124 454 475
np 444 4 123 462 577 335
np 119 444 461 123 459 465
np 123 465 35 464 576 575
np 463 35 124 465 476 468
np 123 463 464 124 462 459
np 35 468 125 467 572 571
np 466 125 127 468 471 474
np 35 466 467 127 464 476
np 125 471 2 470 362 570
np 469 2 126 471 488 487
np 125 469 470 126 467 474
np 126 474 36 473 486 485
np 472 36 127 474 477 456
np 126 472 473 127 471 467
np 460 124 121 454 476 477
np 124 464 468 127 475 477
np 127 473 456 121 476 475
np 453 122 129 479 481 484
np 3 453 478 129 505 504
np 457 36 128 481 486 501
np 122 457 480 128 478 484
np 128 484 38 483 499 503
np 482 38 129 484 507 506
np 128 482 483 129 481 478
np 472 126 131 486 488 491
np 36 472 485 131 480 501
np 470 2 130 488 595 361
np 126 470 487 130 485 491
np 130 491 37 490 594 593
np 489 37 131 491 502 494
np 130 489 490 131 488 485
np 37 494 132 493 590 589
np 492 132 134 494 497 500
np 37 492 493 134 490 502
np 132 497 6 496 388 588
np 495 6 133 497 514 513
np 132 495 496 133 493 500
np 133 500 38 499 512 511
np 498 38 134 500 503 482
np 133 498 499 134 497 493
np 486 131 128 480 502 503
np 131 490 494 134 501 503
np 134 499 482 128 502 501
np 479 129 136 505 507 510
np 3 479 504 136 422 530
np 483 38 135 507 512 527
np 129 483 506 135 504 510
np 135 510 40 509 525 529
np 508 40 136 510 532 531
np 135 508 509 136 507 504
np 498 133 138 512 514 517
np 38 498 511 138 506 527
np 496 6 137 514 613 387
np 133 496 513 137 511 517
np 137 517 39 516 612 611
np 515 39 138 517 528 520
np 137 515 516 138 514 511
np 39 520 139 519 608 607
np 518 139 141 520 523 526
np 39 518 519 141 516 528
np 139 523 8 522 414 606
np 521 8 140 523 538 537
np 139 521 522 140 519 526
np 140 526 40 525 536 535
np 524 40 141 526 529 508
np 140 524 525 141 523 519
np 512 138 135 506 528 529
np 138 516 520 141 527 529
np 141 525 508 135 528 527
np 505 136 112 422 532 534
np 509 40 142 532 536 549
np 136 509 531 142 530 534
np 142 534 32 425 547 551
np 142 533 425 112 532 530
np 524 140 144 536 538 541
np 40 524 535 144 531 549
np 522 8 143 538 631 413
np 140 522 537 143 535 541
np 143 541 41 540 630 629
np 539 41 144 541 550 544
np 143 539 540 144 538 535
np 41 544 145 543 626 625
np 542 145 146 544 546 548
np 41 542 543 146 540 550
np 145 546 9 434 310 624
np 145 545 434 115 543 548
np 431 32 146 548 551 533
np 115 431 547 146 546 543
np 536 144 142 531 550 551
np 144 540 544 146 549 551
np 146 547 533 142 550 549
np 443 118 89 336 554 556
np 440 33 147 554 558 567
np 118 440 553 147 552 556
np 147 556 25 338 565 569
np 147 555 338 89 554 552
np 437 116 148 558 559 561
np 33 437 557 148 553 567
np 116 435 309 81 557 561
np 306 22 148 561 568 563
np 81 306 560 148 559 557
np 303 79 149 563 564 566
np 22 303 562 149 560 568
np 79 301 319 85 562 566
np 323 25 149 566 569 555
np 85 323 565 149 564 562
np 558 148 147 553 568 569
np 148 560 563 149 567 569
np 149 565 555 147 568 567
np 469 125 96 362 572 574
np 466 35 150 572 576 585
np 125 466 571 150 570 574
np 150 574 27 364 583 587
np 150 573 364 96 572 570
np 463 123 151 576 577 579
np 35 463 575 151 571 585
np 123 461 335 88 575 579
np 332 24 151 579 586 581
np 88 332 578 151 577 575
np 329 86 152 581 582 584
np 24 329 580 152 578 586
np 86 327 345 92 580 584
np 349 27 152 584 587 573
np 92 349 583 152 582 580
np 576 151 150 571 586 587
np 151 578 581 152 585 587
np 152 583 573 150 586 585
np 495 132 103 388 590 592
np 492 37 153 590 594 603
np 132 492 589 153 588 592
np 153 592 29 390 601 605
np 153 591 390 103 590 588
np 489 130 154 594 595 597
np 37 489 593 154 589 603
np 130 487 361 95 593 597
np 358 26 154 597 604 599
np 95 358 596 154 595 593
np 355 93 155 599 600 602
np 26 355 598 155 596 604
np 93 353 371 99 598 602
np 375 29 155 602 605 591
np 99 375 601 155 600 598
np 594 154 153 589 604 605
np 154 596 599 155 603 605
np 155 601 591 153 604 603
np 521 139 110 414 608 610
np 518 39 156 608 612 621
np 139 518 607 156 606 610
np 156 610 31 416 619 623
np 156 609 416 110 608 606
np 515 137 157 612 613 615
np 39 515 611 157 607 621
np 137 513 387 102 611 615
np 384 28 157 615 622 617
np 102 384 614 157 613 611
np 381 100 158 617 618 620
np 28 381 616 158 614 622
np 100 379 397 106 616 620
np 401 31 158 620 623 609
np 106 401 619 158 618 616
np 612 157 156 607 622 623
np 157 614 617 158 621 623
np 158 619 609 156 622 621
np 545 145 82 310 626 628
np 542 41 159 626 630 639
np 145 542 625 159 624 628
np 159 628 23 312 637 641
np 159 627 312 82 626 624
np 539 143 160 630 631 633
np 41 539 629 160 625 639
np 143 537 413 109 629 633
np 410 30 160 633 640 635
np 109 410 632 160 631 629
np 407 107 161 635 636 638
np 30 407 634 161 632 640
np 107 405 293 78 634 638
np 297 23 161 638 641 627
np 78 297 637 161 636 634
np 630 160 159 625 640 641
np 160 632 635 161 639 641
np 161 637 627 159 640 639
